//----------------------------------------------------------------------------------------------------------------------------------------
//#Index     #GroupId #RenderFlag #Texture #Color #BodyLightColor     #Luminosity  #RenderType #TimeEffect #TimeTexture #GlowLevel
//----------------------------------------------------------------------------------------------------------------------------------------
7    156    0    2    -1    1    1.000000    1.000000    1.000000    1.000000    -1    -1.000000    -1.000000    1
7    156    0    2    -1    1    1.000000    1.000000    1.000000    1.000000    -1    -1.000000    -1.000000    0
7    156    1    2    -1    1    1.000000    1.000000    1.000000    1.000000    -1    -1.000000    -1.000000    0
7    156    2    2    -1    1    1.000000    1.000000    1.000000    1.000000    -1    -1.000000    -1.000000    0
7    156    3    2    -1    1    1.000000    1.000000    1.000000    1.000000    -1    -1.000000    -1.000000    0
7    156    0    2    -1    1    1.000000    1.000000    1.000000    1.000000    -1    -1.000000    -1.000000    1
7    156    0    2    -1    1    1.000000    1.000000    1.000000    1.000000    -1    -1.000000    -1.000000    1
