///===========================================================================================================================================================//
/// WING
///===========================================================================================================================================================//
	TYPE		INDEX		10.0		    10.0		    10.0			0		2			-1		1.0		-1		0.0		-1	

	TYPE		INDEX		1.0				1.0				1.0				2		66			 4		0.4		-1		0.0		-1	

	TYPE		INDEX		1.0				1.0				1.0				1		66			0		1.0		 1		2.0		-1


//===========================================================================================================================================================//
// set M
//===========================================================================================================================================================//
//===========================================================================================================================================================//
// helmo
//===========================================================================================================================================================//
	TYPE		INDEX		10.0		    10.0		    10.0			0		2			-1		1.0		-1		0.0		-1	
	TYPE		INDEX		10.0		    10.0		    10.0			2		2			-1		1.0		-1		0.0		-1	

	TYPE		INDEX		1.0				1.0				1.0				1		66			0		1.0		 1		2.0		-1



//===========================================================================================================================================================//
// armor
//===========================================================================================================================================================//
	TYPE		INDEX		10.0		    10.0		    10.0			0		2			-1		1.0		-1		0.0		-1	

	TYPE		INDEX		1.0				1.0				1.0				2		66			 4		0.4		-1		0.0		-1	

	TYPE		INDEX		1.0				1.0				1.0				1		66			0		1.0		 1		2.0		-1


//===========================================================================================================================================================//
// pants
//===========================================================================================================================================================//
	TYPE		INDEX		10.0		    10.0		    10.0			0		2			-1		1.0		-1		0.0		-1	

	TYPE		INDEX		1.0				1.0				1.0				1		66			0		1.0		 1		2.0		-1


//===========================================================================================================================================================//
// luvas
//===========================================================================================================================================================//
	TYPE		INDEX		10.0		    10.0		    10.0			0		2			-1		1.0		-1		0.0		-1	

	TYPE		INDEX		1.0				1.0				1.0				2		66			 4		0.4		-1		0.0		-1	

	TYPE		INDEX		1.0				1.0				1.0				1		66			0		1.0		 1		2.0		-1


//===========================================================================================================================================================//
// bota
//===========================================================================================================================================================//
	TYPE		INDEX		10.0		    10.0		    10.0			0		2			-1		1.0		-1		0.0		-1	

	TYPE		INDEX		1.0				1.0				1.0				2		66			 4		0.4		-1		0.0		-1	

	TYPE		INDEX		1.0				1.0				1.0				1		66			0		1.0		 1		2.0		-1
//===========================================================================================================================================================//
// set F
//===========================================================================================================================================================//
//===========================================================================================================================================================//
// helmo
//===========================================================================================================================================================//
	TYPE		INDEX		10.0		    10.0		    10.0			0		2			-1		1.0		-1		0.0		-1	
	TYPE		INDEX		10.0		    10.0		    10.0			1		2			-1		1.0		-1		0.0		-1	

	TYPE		INDEX		1.0				1.0				1.0				2		66			0		1.0		 1		2.0		-1



//===========================================================================================================================================================//
// armor
//===========================================================================================================================================================//
	TYPE		INDEX		10.0		    10.0		    10.0			0		2			-1		1.0		-1		0.0		-1	

	TYPE		INDEX		1.0				1.0				1.0				2		66			 4		0.4		-1		0.0		-1	

	TYPE		INDEX		1.0				1.0				1.0				1		66			0		1.0		 1		2.0		-1


//===========================================================================================================================================================//
// pants
//===========================================================================================================================================================//
	TYPE		INDEX		10.0		    10.0		    10.0			0		2			-1		1.0		-1		0.0		-1	

	TYPE		INDEX		1.0				1.0				1.0				1		66			0		1.0		 1		2.0		-1


//===========================================================================================================================================================//
// luvas
//===========================================================================================================================================================//
	TYPE		INDEX		10.0		    10.0		    10.0			0		2			-1		1.0		-1		0.0		-1	

	TYPE		INDEX		1.0				1.0				1.0				2		66			 4		0.4		-1		0.0		-1	

	TYPE		INDEX		1.0				1.0				1.0				1		66			0		1.0		 1		2.0		-1



//===========================================================================================================================================================//
// bota
//===========================================================================================================================================================//
	TYPE		INDEX		10.0		    10.0		    10.0			0		2			-1		1.0		-1		0.0		-1	

	TYPE		INDEX		1.0				1.0				1.0				2		66			 4		0.4		-1		0.0		-1	

	TYPE		INDEX		1.0				1.0				1.0				1		66			0		1.0		 1		2.0		-1



///===========================================================================================================================================================//
/// sw
///===========================================================================================================================================================//
	TYPE		INDEX		10.0		    10.0		    10.0			0		2			-1		1.0		-1		0.0		-1	

	TYPE		INDEX		1.0				1.0				1.0				2		66			 4		0.4		-1		0.0		-1	

	TYPE		INDEX		1.0				1.0				1.0				1		66			0		1.0		 1		2.0		-1
///===========================================================================================================================================================//
/// SPEAR
///===========================================================================================================================================================//
	TYPE		INDEX		10.0		    10.0		    10.0			0		2			-1		1.0		-1		0.0		-1	

	TYPE		INDEX		1.0				1.0				1.0				2		66			 4		0.4		-1		0.0		-1	

	TYPE		INDEX		1.0				1.0				1.0				1		66			0		1.0		 1		2.0		-1

///===========================================================================================================================================================//
/// sh
///===========================================================================================================================================================//
	TYPE		INDEX		10.0		    10.0		    10.0			0		2			-1		1.0		-1		0.0		-1	

	TYPE		INDEX		1.0				1.0				1.0				2		66			 4		0.4		-1		0.0		-1	

	TYPE		INDEX		1.0				1.0				1.0				1		66			0		1.0		 1		2.0		-1
//===========================================================================================================================================================//
/// mace
///===========================================================================================================================================================//
	TYPE		INDEX		10.0		    10.0		    10.0			0		2			-1		1.0		-1		0.0		-1	

	TYPE		INDEX		1.0				1.0				1.0				2		66			 4		0.4		-1		0.0		-1	

	TYPE		INDEX		1.0				1.0				1.0				1		66			0		1.0		 1		2.0		-1
///===========================================================================================================================================================//
/// staff
///===========================================================================================================================================================//
	TYPE		INDEX		10.0		    10.0		    10.0			0		2			-1		1.0		-1		0.0		-1	

	TYPE		INDEX		1.0				1.0				1.0				1		66			 4		0.4		-1		0.0		-1	

	TYPE		INDEX		0.3				0.3				0.3				0		66			0		1.0		 1		2.0		-1

///===========================================================================================================================================================//
/// bow
///===========================================================================================================================================================//
	TYPE		INDEX		10.0		    10.0		    10.0			0		2			-1		1.0		-1		0.0		-1	

	TYPE		INDEX		1.0				1.0				1.0				1		66			 4		0.4		-1		0.0		-1	

	TYPE		INDEX		0.3				0.3				0.3				0		66			0		1.0		 1		2.0		-1

///===========================================================================================================================================================//
/// earring_d
///===========================================================================================================================================================//
	TYPE		INDEX		10.0		    10.0		    10.0			0		2			-1		1.0		-1		0.0		-1	

	TYPE		INDEX		1.0				1.0				1.0				2		66			 4		0.4		-1		0.0		-1	

	TYPE		INDEX		1.0				1.0				1.0				1		66			0		1.0		 1		2.0		-1

///===========================================================================================================================================================//
/// earring_e
///===========================================================================================================================================================//
	TYPE		INDEX		10.0		    10.0		    10.0			0		2			-1		1.0		-1		0.0		-1	

	TYPE		INDEX		1.0				1.0				1.0				2		66			 4		0.4		-1		0.0		-1	

	TYPE		INDEX		1.0				1.0				1.0				1		66			0		1.0		 1		2.0		-1

///===========================================================================================================================================================//
/// icon 
///===========================================================================================================================================================//
	TYPE		INDEX		10.0		10.0		10.0		0		2			-1		1.0		-1		0.0		-1	

	TYPE		INDEX		1.0			0.4			0.8			0		70			-1		1.0		-1		0.0		-1	
	TYPE		INDEX		0.2			0.5			0.8			0		65600		-1		1.0		-1		0.0		-1	

	TYPE		INDEX		10.0		10.0		10.0		1		2			-1		1.0		-1		0.0		-1	

	TYPE		INDEX		1.0			1.0			1.0			0		66			-1		1.0		 1		2.0		-1



















